Initial state:
a:	1.0000001100e+00 
e:	1.6710220000e-02 
i:	5.0000000000e-05 
Omega:	-1.1260640000e+01 
omega:	1.0294719000e+02 
M:	1.0046435000e+02

Transformed to coordinates:
x:	-1.4561696141e+11 
y:	-3.6377795997e+10 
z:	-5.5948684325e+04 
vx:	6.7225892986e+03 
vy:	-2.8916322311e+04 
vz:	-2.3602889179e-02

Transformed back from orbital elements:
a:	1.0000001100e+00 
e:	1.6710220000e-02 
i:	5.0002279708e-05 
Omega:	-1.1260640000e+01 
omega:	1.0294719000e+02 
M:	1.0046435000e+02

